spawns:
  default:
    world: 596b4201-5fcc-4563-b1fc-c3d8ca9ddb60
    world-name: aaa
    x: -94.507706
    y: 69.0
    z: 545.5311
    yaw: 1.1763916015625
    pitch: 9.129013061523438
