world: 86aafe61-5f7b-4a70-b719-a2fa017f07ec
world-name: flatroom
x: -49.949005
y: -53.0
z: 5.69999
yaw: -179.41786193847656
pitch: 15.174774169921875
name: mina
lastowner: 00000000-0000-0000-0009-01fe0d5598dd
