world: 86aafe61-5f7b-4a70-b719-a2fa017f07ec
world-name: flatroom
x: -86.30001
y: -50.0
z: 56.100067
yaw: 88.26171875
pitch: 22.187271118164062
name: minapvp
lastowner: 00000000-0000-0000-0009-01fe0d5598dd
