world: 86aafe61-5f7b-4a70-b719-a2fa017f07ec
world-name: flatroom
x: -129.65987
y: -50.0
z: -0.50170976
yaw: -88.86698150634766
pitch: 15.011032104492188
name: minapvp
lastowner: 00000000-0000-0000-0009-01fe0d5598dd
